87 447
87 618
87 658
87 662
87 833
87 1338
87 1424
87 1532
87 1783
87 1930
87 2186
87 2499
87 2558
87 2599
87 2840
87 2888
87 2891
87 3408
87 3563
87 3617
87 4115
87 4427
87 4701
87 4774
87 4793
87 4841
87 4873
87 4979
87 5040
87 5077
87 5088
87 5110
87 5183
87 5247
87 5251
87 5327
87 5363
87 5410
87 5440
87 5454
87 5574
87 5608
87 5618
87 5651
87 5685
87 5691
87 5756
87 5779
87 5798
87 5939
87 5989
87 6008
87 6014
87 6024
87 6029
87 6098
87 6133
87 6175
87 6214
87 6228
87 6251
87 6318
87 6411
87 6451
87 6480
87 6677
87 6688
87 6693
87 6701
87 6725
87 6736
87 6737
87 6751
87 6812
87 6823
87 6913
87 6941
87 7063
87 7066
87 7286
87 7347
87 7403
87 7466
87 7492
87 7542
87 7592
87 7605
87 7696
87 7732
87 7789
87 7813
87 7895
87 7953
87 8077
87 8474
87 8515
87 8551
87 8698
87 8809
87 8827
87 8889
87 8956
87 9053
87 9057
87 9074
87 9181
87 9305
87 9351
87 9581
87 9594
87 9605
87 9642
87 9718
87 9791
87 9907
87 9911
87 9937
87 10043
87 10142
87 10303
87 10366
87 10389
87 10401
87 10414
87 10420
87 10424
87 10429
87 10471
87 10483
87 10557
87 10690
87 10709
87 10766
87 10783
87 10845
87 10850
87 10927
87 10932
87 11096
87 11131
87 11205
87 11228
87 11303
87 11353
87 11375
87 11378
87 11391
87 11687
87 11854
87 11951
87 12025
87 12059
87 12280
87 12347
87 12475
87 12588
87 12595
87 12603
87 12640
87 12702
87 12717
87 12721
87 12744
87 12746
87 12755
87 12768
87 12769
87 12791
87 12906
87 12979
87 13000
87 13012
87 13101
87 13111
87 13187
87 13256
87 13355
87 13358
87 13445
87 13666
87 13748
87 13785
87 13831
87 13879
87 13944
87 13990
87 13999
87 14102
87 14282
87 14392
87 14402
87 14435
87 14438
87 14508
87 14640
87 14651
87 14664
87 14665
87 14765
87 14795
87 14871
87 14874
87 14877
87 14881
87 14902
87 14970
87 14982
87 15158
87 15171
87 15204
87 15231
87 15283
87 15286
87 15304
87 15319
87 15322
87 15450
87 15487
87 15493
87 15497
87 15656
87 15739
87 15796
87 16140
87 16163
87 16167
87 16174
87 16175
87 16177
87 16231
87 16419
87 16488
87 16570
87 16637
87 16655
87 16671
87 16683
87 16693
87 16696
87 16703
87 16796
87 16823
87 17024
87 17037
87 17151
87 17158
87 17203
87 17223
87 17273
87 17343
87 17371
87 17403
87 17634
87 17679
87 17691
87 17723
87 17726
87 17751
87 17769
87 17807
87 17861
87 17899
87 17906
87 17924
87 18016
87 18019
87 18103
87 18141
87 18172
87 18176
87 18177
87 18362
87 18363
87 18373
87 18430
87 18465
87 18707
87 18749
87 18779
87 19000
87 19394
87 19410
87 19433
87 19456
87 19475
87 19883
87 19951
87 20021
87 20025
87 20061
87 20200
87 20215
87 20243
87 20253
87 20257
87 20261
87 20273
87 20296
87 20337
87 20349
87 20425
87 20429
87 20436
833 11523
833 11583
833 18240
833 18247
833 18251
833 19611
8815 16625
8815 16631
